014001
014002
014003
014004
014005
014006
014007
014008
014009
014010
014100
014101
014103
014104
014105
014106
014107
014108
014110
014111
014112
014113
014114
014121
014123
014124
014126
014129
014130
014131
014132
014136
014138
014140
014141
014142
014143
014145
014146
014147
014148
014149
014150
014151
014201
014202
014205
014208
014211
014212
014213
014214
014300
014301
014304
014305
014309
014313
014315
014316
014318
014319
014320
014321
014322
014323
014324
014325
014326
014327
014400
014401
014405
014409
014410
014411
014500
014501
014503
014504
014505
014506
014508
014510
014512
014513
014515
014516
014517
014600
014601
014603
014605
014606
014609
014610
014613
014614
014615
014616
014617
014700
014701
014703
014704
014706
014707
014708
014709
014710
014713
014714
014716
014717
014718
014719
014720
014721
014722
014723
014724
014725
014728
014729
014730
014731
014732
014814
014829
014831
014841
014842
014843
014844
014845
014846
014847
014848
014849
014850
014851
014852
014853
014855
014856
014857
014858
014859
014860
014861
014863
014864
014865
014866
014867
014868
014869
014872
014873
014874
014875
014876
014877
014878
014879
014880
014881
014882
014883
014884
014885
014886
014917
014918
014919
014920
014924
014925
014926
014927
014928
014929
014930
014931
014932
014933
014935
014936
014937
014940
014941
014942
014943
014945
014946
014950
014952
014953
014954
014956
014958
014959
014960
014961
014966
014968
014969
014970
014972
014973
014976
014977
015001
015004
015007
015008
015009
015010
015011
015012
015013
015014
015015
015017
015018
015019
015902
015904
015905
015906
016111
016124
016142
016143
016144
016203
016204
016205
016206
016208
016209
016210
016211
016212
016213
016214
016215
016216
016217
016218
016219
016220
016221
016302
016303
016327
016328
016329
016336
016403
016421
016501
016503
016504
016505
016514
016619
016620
016621
016709
016712
016713
016801
016803
016815
016816
016817
016818
016819
016820
016826
016827
016828
016829
016830
016831
016832
016833
016834
016835
017001
017002
017003
017004
017005
017006
017007
017008
017009
017010
017011
017012
017013
017014
017019
017021
017022
017023
017028
017031
017032
017033
017034
017036
034010
034011
034013
034014
034015
034016
034018
034022
034028
034029
034030
034032
034033
034034
034035
034036
034037
034038
034039
034040
034041
034042
034043
034044
034045
034205
034206
034210
034211
034212
034213
034305
034306
034309
034310
034311
034312
034315
034316
034317
034318
034319
034320
034325
034326
034331
034332
034335
034336
034337
034338
034339
034340
034343
034344
034345
034346
034349
034350
034351
034352
034353
034354
034355
034356
034357
034358
034361
034362
034363
034364
034369
034370
034371
034372
034373
034374
034375
034376
034377
034378
034401
034402
034404
034405
034406
034410
034411
034413
034418
034419
034420
034421
035001
035003
035006
035008
035010
035011
035013
035014
035018
035021
035022
035023
035024
035026
035030
035031
035032
035033
035034
035035
035036
035037
035039
035040
035041
035042
035043
035044
035045
035046
035047
035048
035049
035050
035051
035052
035053
035061
035062
035063
035064
035065
035067
035091
035092
035122
035123
035124
035141
035142
035143
035144
035146
035147
035148
035150
035151
035152
035153
035171
035177
035179
035187
035188
035189
035190
035194
035195
035197
035198
036001
036002
036003
036004
036005
036006
036007
036008
036009
036010
036012
036013
036014
036015
036016
036020
036026
036027
036029
036031
036032
036035
036038
036039
036041
036042
036044
036045
036047
036048
036049
036050
036052
036053
036055
036057
036058
036060
036061
036062
036063
036064
036065
036066
036067
036068
036069
036070
036071
036072
036073
036074
036075
036076
036078
036079
036080
036081
036082
036083
036084
036085
036086
036087
036088
036089
036090
044000
044003
044004
044005
044099
044101
044102
044105
044109
044114
044125
044127
044129
044130
044139
044140
044142
044145
044147
044148
044151
044160
044162
044164
044165
044166
044167
044169
044170
044173
044180
044184
044185
044191
044192
044193
044195
044198
044202
044214
044231
044239
044262
044265
044268
044294
044321
044334
044339
045000
045001
045003
045004
045005
045232
045336
046000
046001
046002
046003
046004
046005
046006
046012
046021
046041
046052
046129
046187
046188
046189
046194
046195
046196
046197
046200
046201
046204
046205
046206
046208
046209
046210
046216
046225
046232
046233
046234
046235
046237
046239
046241
046242
046244
046249
046250
046256
046266
046267
046268
046270
046271
046272
046273
046274
046326
046332
046335
046336
046342
046345
046733
046743
046745
046746
046773
046831
046851
046853
046864
046868
046880
046903
046918
046925
046952
046968
046993
047003
047004
047006
054131
054132
054133
054203
054215
054251
054305
054306
054307
054308
054310
054314
054315
054330
054350
054351
054354
054364
054367
054368
054369
054371
054373
054374
054375
054400
054401
054402
054406
054407
054408
054409
054410
054411
054412
054413
054414
054415
054416
054418
054420
054451
054452
054453
054461
054470
054476
056120
056140
056142
056146
056166
056375
056378
056379
056380
056381
056383
056384
056386
056387
056388
056389
056390
056391
056392
056393
056394
056395
056396
064001
064002
064003
064004
064005
064010
064071
064106
064109
064115
064117
064118
064119
064209
064210
064211
064212
064238
064239
064242
064322
064324
064325
064326
064330
064405
064413
064419
064507
064508
064509
064522
064523
064603
064611
064612
066011
066112
066215
066217
066226
066230
066237
066241
066243
066246
066247
066313
066327
066328
066329
066411
066417
066418
066505
066513
066516
066517
066518
066520
066521
066524
066525
066526
066605
066613
084142
084153
084154
084155
084156
084213
084220
084221
084225
084311
084312
084314
084401
084402
084505
084512
084513
084636
084640
084651
084652
084653
084654
084655
084656
084657
084658
084659
084660
084661
084662
084663
084664
084665
084666
084667
084668
084669
084670
084730
084735
084737
084738
084913
085101
085102
085103
085104
085105
085106
085135
085156
085180
085201
085220
085240
085305
085320
085326
085370
085403
085405
085505
085531
085550
085640
085677
085678
085681
085682
085691
085695
085705
085735
085801
085802
085803
085804
085805
085806
085851
085852
086150
086172
086201
086219
086220
086222
086233
086234
086241
086284
086287
086289
086290
086312
086320
086321
086322
086366
086376
086380
086386
086389
086390
086414
086461
086477
086478
086480
086483
086484
086521
086522
086533
086535
086574
086575
086576
086583
086640
086670
086721
086730
086733
086735
086755
086759
086760
086761
086777
086800
086801
086900
086901
086920
086921
086923
086924
094100
094101
094120
094134
094139
094140
094141
094142
094155
094186
094187
094188
094189
094194
094195
094196
094197
094198
094199
094210
094219
094222
094223
094237
094240
094243
094244
094257
094287
094313
094314
094323
094325
094327
094334
094344
094411
094412
094417
094423
094480
094481
094501
094503
094504
094506
094511
094513
094514
094515
094517
094564
094566
094568
094569
094577
094578
094579
094585
094591
094592
094594
094607
094616
094813
094814
094815
094816
094821
094822
094825
094831
094832
094833
094834
094842
094851
095111
095112
095113
095120
095140
095141
095142
095144
095210
095411
095412
095413
095414
095415
095416
095417
095418
095419
095420
095536
095605
095618
095619
095648
095661
095678
095815
096110
096119
096120
096121
096124
096125
096130
096131
096208
096209
096210
096211
096215
096220
096224
096225
096226
096227
096228
096229
096230
096231
096240
096250
096260
096261
096262
096263
096264
096265
096266
096280
096310
096320
096324
096326
096327
096328
096350
096351
096400
096401
096410
096411
096414
096420
096425
096430
096444
096465
096475
096501
096502
096505
096520
096527
096530
096531
096536
096537
096552
096553
096555
096556
096567
096568
096570
096572
096573
096574
096575
096577
096580
096581
096582
096586
096588
096589
096590
096600
096601
096602
096609
096616
096617
096620
096630
096648
096676
096690
096700
096807
096808
096809
096813
096814
096815
096816
096817
096820
096911
096912
097114
097120
097121
097122
097129
097130
097131
097139
097140
097142
097151
097163
097209
097210
097211
097215
097230
097240
097250
097260
097311
097317
097324
097328
097329
097330
097331
097332
097333
097334
097353
097449
097465
097510
097520
097616
097638
097657
097659
097800
104001
104003
104004
104006
104009
104012
104013
104014
104016
104017
104018
104019
104020
104022
104030
104031
104032
104033
104034
104035
104090
104092
104110
104112
104114
104118
104120
104122
104131
104134
104135
104142
104144
104154
104157
104165
104166
104167
104171
104172
104173
104177
104181
104182
104183
104184
104185
104186
104187
104191
104192
104193
104194
104195
104198
104214
104215
104218
104220
104221
104222
104223
104228
104250
104251
104270
104274
104276
104277
104279
104280
104281
104282
104283
104284
104285
104286
104290
104291
106000
106100
106101
106156
106170
106173
106300
106306
106307
106308
106309
106320
106326
106330
106337
106344
106347
106349
106350
106351
106353
106365
106372
106374
106375
106376
106378
106380
106381
106383
106384
106385
106386
106387
106388
106389
106390
106391
106393
106394
106395
106396
106397
106398
106400
106401
106402
106403
106404
106405
106406
106407
106409
106410
106411
106413
106414
106415
106416
106420
106422
106423
106424
106425
106426
106427
106428
106429
106430
106431
106432
106433
106434
106435
106500
106501
106702
106716
106723
106725
106742
106800
106801
106802
106803
106916
106920
106921
106922
106925
106926
106927
106928
106929
106930
106931
106932
106933
106934
106935
106936
106937
106940
106941
106942
106950
106960
106970
114003
114004
114010
114011
114014
114016
114017
114018
114019
114020
114021
114025
114027
114028
114030
114031
114032
114033
114034
114035
114036
114037
114051
114052
114053
114054
114071
114073
114074
114075
114076
114077
114078
114081
114082
114086
114101
114102
114103
114208
114209
114210
114214
114217
114226
114227
114229
114245
114246
114248
114249
114250
114251
114252
114253
115021
115203
115204
115211
115248
115249
116003
116004
116025
116026
116027
116028
116029
116030
116031
116032
116033
116105
116110
116130
116140
116150
116161
116163
116217
116321
116354
117001
117002
117003
117004
117005
117006
117007
117010
117013
117014
117015
117016
117018
117019
117020
117021
117066
117082
117083
117089
117090
117098
117113
117115
117118
117120
117140
124106
124107
124108
124114
124115
124116
124117
124118
124120
124122
124212
124213
124214
124220
124300
124305
124353
124355
124356
124357
124400
124408
124413
124414
124415
124416
124417
124503
124510
124601
124605
124608
124609
124610
124703
124708
124711
124801
124902
124906
124910
124911
125001
125011
125013
125101
125102
125105
125801
125802
126200
126300
126302
126303
126304
126600
126601
126602
126603
126700
126701
126703
126901
126902
127103
127107
127108
127110
127202
127205
127206
127207
127208
127403
127404
127405
127406
127408
127410
127411
127412
127415
127416
127418
127419
127421
127423
127424
127425
127427
127428
127430
127432
127433
127434
127435
127436
127437
127438
127440
127441
127442
127443
127500
127704
127705
127706
127707
127708
127710
127711
127712
127716
127717
127718
127720
127724
127725
127726
127727
127728
127729
127730
127731
127734
127735
127737
127738
127739
127740
127741
134014
134015
134019
134020
134037
134039
134040
134049
134054
134055
134058
134064
134067
134069
134071
134072
134073
134074
134075
134076
134082
134088
134111
134112
134113
134114
134116
134117
134118
134119
134120
134121
134122
134123
134124
134125
134126
134127
134128
134129
134130
134131
134132
134133
134134
134135
134136
134137
134138
134139
134140
134141
134142
134143
134144
134145
134146
134147
134148
134149
134150
134151
134152
136007
136014
136016
136021
136022
136023
136030
136031
136032
136033
136034
136035
136036
136066
136067
136083
136088
136090
136093
136104
136105
136200
136201
136202
136203
136204
136205
136206
136207
136208
196001
196004
196005
196006
196007
196008
196009
196010
196011
196101
196105
197008
197009
197010
197011
197012
197013
204000
204002
204003
204090
204091
204092
204093
204150
204151
204152
204199
204200
204202
204203
204400
204401
204403
204406
204540
204609
204611
204620
204621
204622
204623
204624
204625
204626
204627
204650
204651
204652
204653
204654
204655
204701
204702
204706
204707
204711
204712
204714
204715
204716
204717
204718
204719
204720
204721
204722
204723
204724
204725
204950
205000
205001
205002
205003
205004
205005
205006
205007
205008
205009
205011
205012
205013
205029
205030
205031
205032
205033
205034
205060
205063
205064
205068
205071
205090
205091
205092
205093
205094
205096
205097
205098
205099
205100
205101
205102
205103
205104
205105
205110
205111
205112
205113
205114
205115
205151
205152
205154
205155
205160
205161
205162
205200
205201
205250
205251
205252
205253
205254
205255
205256
205257
205258
205301
205302
205303
205304
205305
205306
205307
205308
205404
205406
205407
205410
205421
205422
205423
205424
205425
205426
205427
205428
205429
205430
205431
205432
205433
205434
205435
205436
205437
205438
205439
205450
205451
205452
205453
205454
205455
205456
205457
205458
205459
205460
205480
205481
205482
205483
205484
205485
205486
205487
205489
205490
205491
205492
205493
205494
205498
205501
205505
205506
205507
205508
205510
205541
205571
205616
205617
205618
205619
205620
205621
205622
205623
205624
205625
205626
205627
205628
205629
205630
205631
205634
205635
205636
205638
205652
205653
205654
205655
205656
205657
205658
205659
205660
205661
205662
205663
205664
205665
205666
205667
205668
205688
205689
205690
205691
205692
205693
205694
205695
205696
205697
205698
205699
205700
205701
205702
205703
205704
205705
205706
205707
205708
205709
205710
205711
205712
205713
205714
205715
205716
205717
205718
205719
205720
205721
205722
205800
205812
205813
205814
205815
205816
205817
205818
205819
205820
205821
205822
205823
205824
205825
205826
205827
205828
205829
205830
205831
205834
205835
205836
205873
205874
205875
205877
205878
205879
205883
205884
205885
205886
205887
205888
205889
205890
205891
205921
205922
205923
205924
205925
205926
205927
205928
205929
205930
205980
205981
206003
206004
206005
206006
206007
206008
206009
206010
206011
206012
206041
206042
206045
206046
206050
206060
206061
206062
206063
206064
206065
206066
206067
206068
206070
206071
206072
206073
206074
206075
206080
206095
206096
206100
206101
206140
206142
206144
206145
206150
206160
206170
206171
206172
206173
206174
206175
206176
206180
206401
206402
206405
206500
206560
206561
206562
206563
206564
206566
206567
206570
206571
206572
206573
206710
206720
206730
206740
206745
206805
206808
206810
206811
206812
206814
206815
206816
206817
206818
206820
206821
206822
206823
206825
206827
206828
206830
206835
206840
206841
206910
206911
206912
206913
206914
206915
206916
206920
206930
206931
206940
206945
206946
206947
206951
206952
206955
206960
206965
206970
206975
206980
206983
206985
206987
206988
206990
206991
206992
206993
206994
206995
206996
206997
206998
206999
207001
207002
207005
207020
207021
207030
207040
207041
207042
207044
207045
207047
207050
207055
207060
207065
207070
207075
207076
207080
207085
207090
207342
207343
207344
207406
207407
207408
207410
207415
207420
207430
207440
207450
207455
207460
207461
207462
207463
207464
207465
207466
207467
207560
207600
207601
207632
207700
207701
207702
207800
207804
207806
207807
207808
207810
207820
207825
207830
207900
207901
207902
207910
207913
207914
207915
207916
207920
207930
207935
207940
207945
207952
207953
207955
214094
214095
214096
214097
214098
214103
214110
214112
214113
214114
214115
214116
214122
214125
214131
214199
214200
214203
214206
214207
214208
214209
214213
214214
214215
214216
214217
214218
214219
214220
214223
214224
214225
214226
214227
214233
214234
214301
214302
214303
214304
214305
214306
214400
214401
214402
214403
214404
214405
214407
214408
214409
214444
214500
214501
214502
214505
214506
214509
214601
214602
214603
214605
214606
214607
214608
214609
214701
214702
214703
214704
214705
214706
214707
214708
214901
214902
214903
214907
214908
214909
214910
214911
214912
216101
216110
216112
216113
216116
216117
216122
216123
216124
216125
216126
216127
216128
216129
216131
216132
216133
216134
216141
216142
216143
216144
216150
216200
216300
216318
216319
216320
216400
216500
216501
234102
234106
234107
234111
234112
234114
234117
234118
234119
234120
234122
234123
234126
234127
234141
234145
234218
234230
234231
234247
234262
234267
234270
234290
234291
234293
234299
234301
234302
234303
234304
234305
234306
234307
234308
234309
234310
234311
234312
234313
234319
234322
234325
234326
234329
234523
234525
234900
236268
236276
236298
236299
236300
236302
236303
236304
236305
236307
236308
236309
236310
236311
236312
236313
236315
236317
236320
236321
236323
236324
236327
236328
236329
236330
236331
236334
236335
236336
236339
236340
236341
236342
236343
236344
236345
236346
236347
236348
236349
236350
236351
236353
236354
236355
236356
236357
236358
236359
236360
236361
236362
236363
236364
236366
236367
236368
236369
236370
236371
236372
236373
236374
236375
236376
236381
236499
236500
236501
236502
236503
236504
236505
236506
236508
236509
236510
236512
236514
236515
236516
236518
236519
236520
236521
236522
236523
236524
236601
236602
236603
236604
236605
236606
236607
236608
236609
236610
236611
236612
236613
236620
236621
236624
236625
236627
236628
236629
236631
236632
236633
236634
236635
236637
236638
236640
236643
236644
236645
236646
236647
236648
236649
236650
236651
236652
236653
236697
236698
236699
236700
236701
236703
236706
236708
236710
236711
236712
236714
236715
236716
236718
236719
236729
236752
236754
236755
236756
236757
236760
236761
236779
236780
236790
236800
236801
236802
236803
236804
236805
236806
236807
236808
236811
236812
236813
236814
236815
236816
236817
236818
236819
236820
236821
236822
236823
236824
236825
236826
236827
236828
236845
236860
236861
236862
236873
236874
236875
236918
236927
236941
236950
236951
236990
236991
274001
274010
274018
274019
274020
274023
274024
274025
274026
274027
274028
274029
274030
274031
274032
274033
274034
274035
274036
274037
274040
274041
274042
274043
274044
274045
274046
274047
274048
274062
274063
274064
274065
274066
274070
274071
274072
274073
274074
274075
274076
274106
274107
274108
274109
274110
274111
274112
274113
274114
274117
274118
274119
274121
274123
274124
274125
274126
274127
274128
274129
274130
274131
274132
274134
274135
274136
274137
274138
274139
274140
274141
274144
274165
274170
274171
274172
274173
274174
274175
274176
274177
274178
274179
274180
274202
274203
274204
274210
274213
274214
274215
274216
274217
274218
274219
274221
274222
274223
274226
274227
274228
274229
274230
274232
274234
274235
274236
274237
274238
274239
274240
274241
274242
274243
274244
274245
274246
274247
274248
274249
274250
274251
274252
274300
274303
274306
274307
274308
274309
274310
274311
274312
274313
274314
274315
274316
274317
274318
274319
274320
274321
274323
274324
274325
274326
274327
274328
274329
274330
274331
274332
274333
274334
274335
274336
274337
274338
274339
274340
274341
274342
274343
274344
274345
274346
274348
274349
274350
274351
274352
274353
274354
274355
274356
274357
274358
274359
274360
274362
274363
274364
274365
274366
274367
274401
274403
274404
274405
274406
274407
274408
274421
274425
274500
274502
274503
274505
274506
274507
274508
274509
274510
274511
274512
274513
274514
274515
274516
274517
274518
274519
274521
274522
274523
274524
274525
274526
274527
274528
274529
274530
274531
274532
274533
274534
274536
274537
274600
274601
274602
274603
274604
274605
274606
274607
274608
274609
274610
274611
274612
274613
274614
274615
274616
274617
274618
274619
274621
274622
274623
274627
274628
274629
274630
274631
274632
274633
274634
274635
274636
274637
274638
274640
274641
274644
274645
274646
274647
274650
274651
274654
274655
274656
274700
274701
274702
274703
274704
274705
274706
274707
274708
274709
274710
274711
274712
274713
274714
274715
274716
274717
274718
274719
274720
274721
274722
274723
274724
274725
274726
274727
274728
274729
274730
274731
274999
275200
275202
275203
275204
275205
275206
275208
275209
275211
275212
275302
275310
275313
275314
275315
275316
275317
275318
275320
275403
275437
275441
275442
275500
275501
275502
275503
275504
275505
275506
275507
275508
275509
275510
275511
275512
275513
275514
275515
275516
275517
275518
275519
275520
275521
275522
275523
275524
275525
275526
275527
275528
275529
275600
275601
275602
275603
275604
275605
275606
275607
275608
275609
275610
275611
275612
275613
275614
275615
275616
275617
275618
275620
275621
275622
275623
275624
276000
276001
276002
276003
276004
276010
276011
276200
276203
276207
276208
276307
276308
276310
276413
276416
276418
276419
276424
276431
276450
276451
277000
277001
277003
277004
277006
277010
277020
277021
277210
277211
277215
277301
277311
277315
277316
277319
277322
277426
277430
277450
277460
277490
314003
314006
314007
314008
314009
314011
314100
314124
314125
314126
314127
314200
314221
314306
314309
314310
314311
314312
314316
314317
314318
314322
314323
314326
314327
314531
314532
314533
314535
315000
315001
315002
315003
315008
315012
315014
315015
315016
315017
315018
315021
315022
315025
315027
315030
315031
315032
315034
315035
315037
315038
315039
315040
315041
315042
315043
315044
315045
315046
315048
315049
315050
315051
315052
315053
315054
315055
315056
315057
315242
315721
320061
320062
320070
320097
320098
320101
320102
320103
320104
320200
320300
320301
320302
320303
320304
320305
320306
320307
320308
324012
324021
324022
324031
324032
324033
324049
324052
324053
324055
324061
324062
324063
324064
324065
324066
324067
324068
324069
324070
324117
324118
324134
324135
324153
324155
324163
324167
324168
324171
324172
324173
324174
324183
324185
324186
324187
324188
324195
324201
324207
324212
324214
324216
324217
324218
324219
324220
324221
324223
324224
324225
324226
324227
324228
324229
324230
324231
324232
324233
324234
324235
324236
324237
324238
324239
324240
324242
324243
324244
324290
324291
324292
324293
324294
324295
324296
324297
324298
324300
324318
324329
324346
324351
324366
324368
324370
324385
324386
324387
324388
324389
324390
324391
324392
324394
324395
324396
324397
324399
324401
324402
324403
324404
324405
324408
324409
324410
324411
324414
324415
324416
324417
324418
324419
324420
324421
324422
324423
324425
324426
324427
324428
324429
324430
324431
324432
324433
324434
324435
324436
324437
324438
324439
324440
324442
324444
324445
324446
324447
324448
324449
324450
324451
324480
324481
324482
324483
324484
324485
324486
324487
324488
324489
324490
324491
324492
324493
324494
324495
324496
324497
324498
324499
324502
324503
324505
324510
324516
324519
324522
324523
324529
324532
324535
324538
324549
324550
324561
324567
324571
324580
324581
324587
324588
324589
324590
324593
324596
324597
324600
324602
324603
324604
324605
324606
324607
324609
324611
324614
324621
324624
324625
324626
324627
324628
324630
324631
324632
324633
324634
324637
324639
324647
324648
324653
324670
324671
324675
324676
324677
324679
324681
324685
324686
324691
324692
324693
324694
324695
324696
324712
324726
324730
324737
324764
324766
324767
324768
324780
324792
324798
324803
324857
324861
324863
324864
324865
324868
324873
324876
324877
324878
324879
324880
324884
324885
324887
324890
324891
324892
324897
324898
324899
324900
324901
324902
324903
324904
324905
324906
324907
324908
324909
324910
324911
324912
324913
324914
324915
324916
324917
324918
324919
324920
324921
324922
324923
324924
324925
324926
324927
324928
324929
324930
324931
324932
324933
324934
324935
324936
324937
324938
324939
324940
324941
324943
324944
324945
324946
324947
324948
324949
324950
324951
324952
324953
324954
324955
324956
324957
324958
324959
324960
324961
324963
324964
324965
324966
334009
334010
334011
334012
334013
334014
334016
334019
334020
334021
334022
334221
334222
334303
334331
335001
335002
335003
335004
335009
335010
335011
335014
335015
335016
335334
336004
336017
336020
336021
336022
336023
336208
336214
336305
336325
336326
336401
336403
336405
336501
336502
336504
336506
336507
336508
336509
336517
336518
336520
336521
336522
336523
336526
336527
336528
336529
336530
336531
336533
336535
336536
336537
336538
336539
336540
336541
336542
336543
337403
394580
394581
394582
394584
394585
394587
394589
394590
394800
394801
394802
394803
394804
394805
394806
394808
394820
394900
394902