014003
014004
014005
014006
014008
014101
014103
014108
014110
014113
014131
014132
014142
014143
014145
014147
014148
014149
014201
014205
014208
014211
014212
014214
014300
014301
014304
014305
014318
014321
014322
014409
014500
014501
014503
014504
014505
014506
014508
014513
014516
014601
014603
014606
014613
014615
014616
014617
014701
014703
014707
014709
014710
014716
014717
014718
014721
014722
014723
014730
014731
014732
014829
014841
014842
014843
014846
014848
014849
014850
014851
014855
014863
014864
014865
014866
014867
014869
014872
014873
014874
014879
014881
014926
014928
014929
014936
014940
014952
014960
014966
014968
014969
014977
015001
015011
015017
015018
015904
016111
016142
016143
016203
016205
016206
016209
016210
016213
016328
016329
016336
016403
016421
016504
016505
016619
016709
016801
016819
016830
016832
016834
016835
017004
017006
017009
017022
017033
017036
034010
034011
034013
034015
034016
034022
034028
034029
034030
034032
034033
034034
034035
034039
034040
034041
034042
034043
034044
034206
034210
034306
034309
034311
034315
034319
034325
034326
034337
034338
034339
034340
034349
034350
034353
034355
034356
034361
034362
034363
034371
034373
034375
034376
034377
034378
034401
034404
034406
034410
034413
035001
035003
035008
035026
035035
035039
035041
035043
035044
035045
035048
035049
035050
035053
035062
035123
035124
035146
035188
036001
036005
036006
036008
036015
036032
036041
036042
036055
036057
036058
036061
036062
036068
036070
036071
036073
036075
036081
036083
036086
044000
044004
044099
044101
044102
044105
044109
044125
044130
044140
044142
044147
044148
044151
044160
044165
044166
044167
044169
044170
044173
044180
044184
044185
044191
044192
044193
044198
044202
044214
044231
044239
044262
044268
044334
044339
045001
046004
046006
046012
046052
046129
046187
046195
046200
046205
046206
046208
046209
046210
046225
046237
046249
046250
046256
046266
046267
046268
046271
046272
046326
046332
046733
046745
046773
046864
046918
046925
047004
054131
054133
054306
054307
054314
054315
054350
054354
054367
054368
054369
054373
054400
054406
054408
054412
054416
054420
054451
054452
054476
056120
056142
056146
056375
056394
056396
064001
064002
064003
064005
064106
064117
064212
064239
064324
064326
064405
064507
064509
064522
064523
064603
066217
066243
066247
066418
066521
066525
066526
066613
084142
084153
084154
084213
084220
084221
084225
084311
084312
084314
084401
084402
084512
084513
084636
084640
084653
084654
084661
084662
084663
084664
084665
084666
084667
084668
084669
084670
084730
084735
084737
084738
084913
085135
085201
085305
085403
085405
085681
085691
085695
085705
085801
085804
085805
085851
086219
086241
086287
086289
086320
086380
086389
086484
086522
086576
086730
086733
086755
086920
094101
094139
094141
094142
094189
094195
094198
094219
094222
094223
094240
094313
094314
094323
094334
094344
094411
094412
094423
094481
094504
094513
094564
094591
094594
094814
094821
094822
094851
095113
095120
095140
095142
095605
096120
096124
096125
096210
096224
096260
096262
096265
096266
096310
096324
096326
096350
096414
096425
096502
096505
096537
096553
096570
096572
096573
096575
096581
096582
096586
096600
096617
096620
096690
096700
096807
096815
096820
097122
097151
097215
097230
097800
104001
104003
104004
104006
104013
104016
104017
104018
104019
104020
104022
104031
104032
104033
104034
104035
104090
104112
104122
104131
104134
104142
104165
104166
104172
104173
104177
104185
104192
104195
104215
104221
104222
104223
104228
104277
104279
104280
104281
104282
104283
104285
104286
104290
104291
106380
106383
106410
106413
106716
106723
106931
106935
106936
106942
106950
114014
114017
114020
114021
114027
114028
114030
114031
114032
114033
114034
114035
114037
114051
114052
114053
114054
114071
114073
114074
114075
114077
114078
114081
114082
114086
114101
114208
114210
114214
114229
114245
114246
114248
114249
114250
114251
114252
115203
115204
115211
115248
116003
116004
116029
116110
116217
116354
117016
124106
124117
124120
124212
124214
124300
124305
124353
124355
124400
124408
124415
124416
124503
124510
124601
124605
124608
124703
124708
124711
124902
124911
125001
125013
125102
125105
126302
126303
126600
126602
126901
126902
127206
127427
127730
127735
127737
127738
127741
134014
134019
134020
134049
134055
134058
134069
134082
134111
134113
134119
134120
134123
134124
134125
134126
134127
134128
134133
134134
134138
134142
134145
134147
136022
136031
136088
136090
136093
136105
196001
197008
204000
204003
204090
204151
204202
204403
204406
204621
204623
204625
204626
204655
204707
204722
204950
205000
205012
205013
205091
205094
205097
205101
205104
205154
205162
205251
205254
205257
205301
205304
205404
205406
205423
205453
205454
205492
205501
205505
205508
205627
205653
205654
205656
205657
205659
205665
205690
205691
205692
205701
205703
205812
205813
205873
205874
205875
205877
205878
205921
205922
206009
206010
206011
206012
206075
206080
206180
206561
206562
206571
206730
206745
206805
206820
206823
206828
206911
206913
206914
206916
206987
207001
207002
207020
207041
207045
207070
207090
207342
207410
207440
207460
207463
207700
207800
207807
207914
207920
207955
214094
214096
214097
214103
214110
214115
214116
214122
214209
214227
214234
214301
214303
214304
214403
214444
214500
214501
214603
214607
214608
214703
214903
214907
216110
216113
216117
216126
216129
216133
216300
234107
234111
234112
234114
234117
234118
234122
234123
234127
234141
234145
234218
234247
234262
234267
234270
234293
234301
234311
234313
234319
234322
234325
234326
234329
236268
236309
236315
236321
236327
236334
236340
236341
236342
236343
236347
236349
236350
236353
236357
236360
236363
236366
236369
236370
236371
236374
236381
236499
236501
236503
236504
236506
236512
236521
236523
236524
236601
236602
236603
236604
236606
236610
236611
236620
236629
236653
236700
236703
236719
236754
236757
236779
236802
236803
236813
236818
236825
236826
236827
236861
236862
236873
236874
236990
274001
274018
274024
274032
274070
274073
274074
274075
274112
274124
274126
274135
274136
274138
274140
274144
274202
274232
274234
274238
274239
274240
274241
274242
274243
274244
274306
274307
274310
274318
274319
274320
274321
274323
274326
274328
274331
274345
274348
274353
274355
274425
274509
274523
274526
274529
274530
274531
274532
274533
274534
274601
274604
274632
274633
274644
274646
274656
274725
274726
274728
274729
275200
275208
275315
275317
275320
275610
276002
276011
276203
276413
277322
277450
314003
314006
314009
314100
314532
314535
315001
315012
315014
315037
315041
315044
315045
315046
315049
315052
315721
320097
320098
324031
324032
324033
324052
324053
324227
324228
324290
324291
324292
324294
324296
324297
324298
324385
324390
324397
324426
324430
324431
324432
324434
324435
324438
324440
324442
324444
324445
324448
324449
324450
324451
324481
324483
324497
324519
324567
324600
324602
324603
324604
324609
324621
324626
324675
324679
324692
324695
324864
324914
324932
324933
324940
324945
324946
324948
324949
324952
324954
324961
324964
324965
334014
334021
334022
335002
335004
336021
336022
336502
336518
336522
336523
336528
336533
336538
336540
336543
337403
394580
394581
394582
394587
394800
394801
394802
394803
394804
394805
394806
394808
394820
394902
