234248
049060
236704
234321
236267
048873
104093
234104
044347
134017
236322
104094
094491
234109
104087
134066
234144
278450
094492
034002
114001
234246
046207
114099
044345
114015
134010
104005
234121
648012
046334
094220
236705
104216
234108
094112
018822
234292
134012
104010
094490
113013
104011
104091
034026
035019
099798
044264
205920
104024
034025
035015
104287
114211
124104
036022
104168
114002
114064
124406
236319
054254
034019
124011
094341
114072
074008
114065
114203
094493
104213
104219
015005
036056
095606
334334
084228
084502
084501
049052
084223
124002
094390
036017
124105
094380
044194
094431
124051
124010
048848
124710
084733
085237
124709
124405
134042
084711
124706
113014
134048
094429
124407
124014
134092
084503
134086
084504
134028
034027
096390
074157
044190
124701
124809
118120
124411
084622
054120
134044
124705
314733
124001
054130
124412
334018
274104
134016
074131
314314
136008
278408
274105
054100
054205
124802
034031
054403
084734
314013
124403
124504
124509
074132
114213
124807
084731
014134
314530
044108
034020
134038
315029
054110
314010
314002
314101
114204
104908
134003
034503
054202
014509
314001
044112
314302
044103
014133
314935
014203
074133
014955
234108
114099
035015
124406
234246
035019
236704
104093
278450
236705
124405
049060
094491
044347
104011
234144
104213
048848
236319
114072
234109
234104
049052
104287
104091
104094
124002
234321
236322
124001
048873
234121
114065
134017
114204
094492
046207
114002
044194
046334
124051
104087
104010
104168
084711
104005
094493
104216
113013
134010
113014
094220
104024
124010
234292
099798
034019
044190
094341
124105
114001
085237
074008
094490
114064
104219
018822
096390
124403
124011
234248
034002
114203
044345
124014
084228
205920
044264
236267
095606
124104
094431
334334
084223
036022
134012
074133
134066
054254
094380
034025
034026
054202
094429
134038
014955
094390
054403
134044
134092
114213
134042
334018
074157
118120
014203
136008
034031
054205
134048
124509
274105
015005
134003
114211
044112
124807
124709
124407
124705
124701
124802
124710
134086
124706
314314
124809
036017
044103
134016
124504
278408
134028
044108
094112
014509
074131
124411
124412
274104
036056
074132
014134
054130
054100
314935
114015
314001
648012
084504
314101
314013
054110
034503
084503
084622
054120
314002
314302
014133
104908
314530
315029
084501
084502
314010
084734
034027
314733
034020
084733
084731
