014109
014125
014127
014133
014134
014135
014137
014203
014204
014206
014210
014307
014308
014312
014314
014317
014403
014407
014408
014509
014511
014705
014711
014715
014801
014808
014822
014823
014824
014825
014833
014835
014955
014957
014963
014965
014975
015005
016201
016202
016701
016702
017701
018421
018505
018619
018701
018815
018817
018821
018822
019003
019004
019314
019336
019712
034002
034004
034005
034012
034019
034020
034025
034026
034027
034031
034503
034506
035009
035015
035019
035027
035029
035060
035193
036017
036022
036043
036056
038503
038749
044100
044103
044108
044112
044126
044163
044182
044190
044194
044264
044340
044345
044347
046207
046224
046238
046334
048733
048745
048848
048873
048918
049001
049012
049052
049060
054100
054110
054120
054130
054202
054205
054254
054303
054304
054311
054312
054363
054403
054474
058127
058184
058185
064007
064008
064101
064113
064114
064116
064217
064235
064306
064307
064308
064309
064323
064404
064409
064414
064415
064519
068238
068313
068509
068521
074008
074009
074016
074017
074018
074019
074022
074040
074042
074044
074061
074062
074070
074071
074073
074101
074103
074130
074131
074132
074133
074134
074137
074140
074141
074143
074144
074145
074146
074147
074148
074149
074153
074155
074157
076818
076904
076905
076910
076914
081408
084140
084151
084211
084212
084223
084228
084303
084305
084313
084355
084356
084357
084403
084501
084502
084503
084504
084511
084514
084622
084634
084637
084638
084711
084731
084733
084734
084736
084912
085222
085237
085901
088312
088793
090056
094112
094190
094191
094220
094317
094335
094341
094380
094390
094416
094429
094431
094440
094445
094490
094491
094492
094493
094565
094586
094593
094810
094811
094812
095500
095604
095606
095677
096390
096500
096811
096812
098413
098419
098430
098501
098509
098517
098565
098750
098751
098753
098831
099636
099690
099798
104005
104010
104011
104024
104087
104091
104093
104094
104168
104213
104216
104219
104275
104287
104904
104908
113013
113014
114001
114002
114015
114022
114023
114026
114029
114064
114065
114072
114099
114203
114204
114211
114213
114228
118028
118085
118090
118119
118120
124001
124002
124006
124010
124011
124014
124051
124102
124103
124104
124105
124210
124211
124216
124217
124222
124301
124403
124405
124406
124407
124411
124412
124504
124509
124602
124604
124607
124701
124705
124706
124707
124709
124710
124802
124807
124809
124901
124907
124909
128716
134003
134004
134006
134010
134012
134016
134017
134028
134029
134038
134042
134044
134048
134053
134056
134057
134061
134062
134066
134070
134078
134086
134092
134094
134096
136008
136044
136086
138022
138036
138093
198008
204201
205153
205400
205401
205402
205403
205411
205420
205488
205502
205540
205602
205603
205641
205642
205643
205644
205645
205646
205647
205648
205649
205651
205811
205880
205881
205882
205920
208090
208201
209020
209270
209342
214101
214102
214104
214106
214107
214108
214109
214803
218117
218128
218130
234104
234108
234109
234121
234144
234246
234248
234292
234321
236267
236319
236322
236704
236705
270311
274002
274022
274104
274105
274115
274116
274347
274624
274625
274626
276204
277005
278001
278020
278305
278407
278408
278411
278413
278414
278420
278450
278488
278949
314001
314002
314005
314010
314012
314013
314101
314302
314314
314530
314534
314733
314935
315029
315033
315036
334018
334302
334332
334334
336012
336013
394807
394809
394810
394901
518008
648012